 results = dbscan(data = dissimilarity, eps=0.1345, MinPts= 100, method="dist", showplot=F, )
> results
dbscan Pts=8504 MinPts=100 eps=0.1345
          0    1   2   3   4   5   6
border 5218 1048 213 144 124 103 104
seed      0 1401  98  34  11   1   5
total  5218 2449 311 178 135 104 109

> clusterStatsdbscan = cluster.stats(d = dissimilarity, clustering= results$cluster)

> mean(clusterStatsdbscan$clus.avg.silwidths)
[1] 0.5417879

> clusterStatsdbscan
$n
[1] 8504

$cluster.number
[1] 7

$cluster.size
[1] 5218 2449  311  178  135  104  109

$min.cluster.size
[1] 104

$noisen
[1] 0

$diameter
[1] 1.0000 1.0000 0.5365 0.5073 0.3776 0.3612 0.3012

$average.distance
[1] 0.8461716 0.5449701 0.2096762 0.1749185 0.1491670 0.1384876 0.1282885

$median.distance
[1] 0.9001 0.5499 0.2056 0.1694 0.1477 0.1341 0.1260

$separation
[1] 0.0188 0.0252 0.0308 0.0188 0.0233 0.0268 0.0188

$average.toother
[1] 0.8119428 0.8062619 0.8124338 0.8337069 0.8509870 0.8987137 0.8557074

$separation.matrix
       [,1]   [,2]   [,3]   [,4]   [,5]   [,6]   [,7]
[1,] 0.0000 0.0252 0.0476 0.0188 0.0233 0.0268 0.0188
[2,] 0.0252 0.0000 0.0308 0.0263 0.0356 0.0876 0.0443
[3,] 0.0476 0.0308 0.0000 0.0478 0.0960 0.5833 0.1977
[4,] 0.0188 0.0263 0.0478 0.0000 0.3645 0.4787 0.3800
[5,] 0.0233 0.0356 0.0960 0.3645 0.0000 0.2871 0.1147
[6,] 0.0268 0.0876 0.5833 0.4787 0.2871 0.0000 0.1349
[7,] 0.0188 0.0443 0.1977 0.3800 0.1147 0.1349 0.0000

$ave.between.matrix
          [,1]      [,2]      [,3]      [,4]      [,5]      [,6]      [,7]
[1,] 0.0000000 0.8023255 0.8209907 0.8369252 0.8534806 0.8820221 0.8431003
[2,] 0.8023255 0.0000000 0.7846516 0.8213248 0.8391575 0.9278595 0.8750005
[3,] 0.8209907 0.7846516 0.0000000 0.7707554 0.8545795 0.9621093 0.9000592
[4,] 0.8369252 0.8213248 0.7707554 0.0000000 0.9083707 0.9594988 0.9249635
[5,] 0.8534806 0.8391575 0.8545795 0.9083707 0.0000000 0.8865525 0.8595043
[6,] 0.8820221 0.9278595 0.9621093 0.9594988 0.8865525 0.0000000 0.7778397
[7,] 0.8431003 0.8750005 0.9000592 0.9249635 0.8595043 0.7778397 0.0000000

$average.between
[1] 0.814749

$average.within
[1] 0.7887552

$n.between
[1] 19461782

$n.within
[1] 16692974

$max.diameter
[1] 1

$min.separation
[1] 0.0188

$within.cluster.ss
[1] 2445.404

$clus.avg.silwidths
         1          2          3          4          5          6          7 
-0.2683475  0.1971919  0.6887424  0.7466667  0.7976963  0.8103520  0.8202136 

$avg.silwidth
[1] -0.03396521

$g2
NULL

$g3
NULL

$pearsongamma
[1] 0.0614428

$dunn
[1] 0.0188

$dunn2
[1] 0.9108737

$entropy
[1] 1.035588

$wb.ratio
[1] 0.9680958

$ch
[1] 279.9397

$cwidegap
[1] 0.6892 0.1338 0.1301 0.1270 0.1204 0.1006 0.1240

$widestgap
[1] 0.6892

$sindex
[1] 0.07362894

$corrected.rand
NULL

$vi
NULL